AGE00147712	[(1886,Null,170.0), (1887,79.375,230.41129), (1888,106.988266,249.09117), (1889,91.066666,215.94553)]
AM000037789	[(1886,45.172604,Null), (1887,49.21644,Null), (1888,-15.262295,Null), (1889,62.764385,Null)]
ASN00048013	[(1880,123.735466,283.2093), (1881,139.91243,273.59323), (1882,146.96439,278.4548), (1883,145.31667,288.65277), (1884,149.28142,288.31693), (1885,132.01373,297.67325), (1886,127.03835,289.99725), (1887,126.83014,272.8274), (1888,124.4235,306.82788), (1889,138.6274,293.47397)]
ASN00063004	[(1880,64.68939,202.01521), (1881,61.5229,202.04962), (1882,66.51938,210.2278), (1883,58.868217,203.09653), (1884,62.446156,216.15), (1885,62.130436,219.44962), (1886,66.74525,211.3536), (1887,70.53077,198.77692), (1888,55.088802,228.84943), (1889,71.66154,223.46153)]
ASN00072151	[(1880,90.64122,241.63846), (1881,89.10526,225.0), (1882,63.446564,228.23282), (1883,49.289574,227.58687), (1884,74.73817,241.02524), (1885,80.72758,240.53177), (1886,83.14286,218.99294), (1887,69.52631,232.83458), (1888,48.475098,255.81992), (1889,93.146065,249.98877)]
ASN00086071	[(1880,99.34153,194.05191), (1881,95.265755,194.91507), (1882,95.13425,198.48492), (1883,97.671234,199.92055), (1884,92.669395,192.90164), (1885,95.03835,189.72603), (1886,90.457535,191.16713), (1887,99.772606,190.45753), (1888,92.989075,192.77869), (1889,99.66027,195.30959)]
CA001104468	[(1880,32.54019,117.016075), (1881,46.33482,142.1239), (1882,-7.285714,64.166664)]
CA003012195	[(1880,-39.476746,76.27907), (1881,-70.7089,44.437286), (1882,-53.177967,75.056335), (1883,-64.55014,71.593124), (1884,-60.01653,78.65565), (1885,-42.40548,96.16712), (1886,-53.556164,83.16712), (1887,-76.25641,65.29236), (1888,-47.06011,77.540985), (1889,-15.112329,116.60548)]
CA003033879	[(1886,35.877453,168.83333), (1887,-208.72882,-99.89831)]
CA005011760	[(1880,Null,-144.05882), (1881,-28.142046,55.10685), (1882,-57.068493,61.945206), (1883,-91.89589,37.6), (1884,-83.21038,45.008198), (1885,-80.29863,54.81918), (1886,-79.19178,69.032875), (1887,-86.02466,57.515068), (1888,-76.510925,58.174862), (1889,-52.91781,100.69589)]
CA006046588	[(1880,-53.23224,65.81421), (1881,-37.47945,77.72877), (1882,-33.671234,78.12603), (1883,-68.17534,61.58356), (1884,-54.775955,64.827866), (1885,-54.772602,57.772602), (1886,-44.720547,68.16986), (1887,-49.769863,63.98904), (1888,-50.31694,59.56011), (1889,-29.126028,85.24931)]
CA006075400	[(1880,-72.24793,34.922867), (1881,-67.23615,41.081635), (1882,-189.00757,-64.71212), (1889,-127.341774,-27.696203)]
CA006094450	[(1880,5.431694,98.092896), (1881,-8.095238,86.96667), (1886,30.01724,124.9885), (1887,-7.598338,101.16389), (1888,-9.028011,87.2465), (1889,14.408219,108.74521)]
CA006113000	[(1880,0.13424657,110.23014), (1881,4.337912,115.71703), (1882,4.2335167,107.68407), (1883,-17.20274,93.23351), (1884,-4.9753423,106.882195), (1885,-20.794521,91.10989), (1886,-4.030137,102.77808), (1887,-7.7162533,114.449036), (1888,-17.63611,98.075), (1889,2.3287294,116.65014)]
CA006137147	[(1885,-12.209302,69.23529), (1886,16.284122,129.47354), (1887,17.754822,132.5482), (1888,6.5491805,121.83607), (1889,24.052055,138.00822)]
CA006137735	[(1880,25.694267,138.34076), (1881,23.910543,137.15974), (1882,24.883871,129.33226), (1883,8.968153,119.56688), (1884,14.041533,126.98722), (1885,4.779553,108.78594), (1886,18.361023,118.03834), (1887,19.30032,124.69649), (1888,-123.8125,-27.395834)]
CA006141095	[(1880,-1.6133333,124.01945), (1881,18.728022,129.10469), (1882,17.381502,119.92174), (1883,-5.837989,103.128136), (1884,1.1291208,118.90934), (1885,13.86,131.32), (1886,6.3455057,120.35028), (1887,6.5833335,126.91944), (1888,0.78370786,113.72472), (1889,16.911428,120.76791)]
CA006144470	[(1880,24.258242,116.28333), (1881,26.058283,134.52147), (1882,19.738602,124.78354), (1883,0.6646884,112.87761), (1884,-0.08256881,117.43293), (1885,-6.3058825,105.81232), (1886,-6.6094275,102.138985), (1887,1.1628665,108.96405), (1888,-9.537267,99.62696), (1889,-7.3157897,94.552635)]
CA006148100	[(1880,15.829609,119.49162), (1881,13.808219,129.16438), (1882,5.047198,108.42183), (1883,-5.742466,104.1726), (1884,3.9972603,114.60274), (1885,-7.5917807,98.19452), (1886,8.073973,111.49041), (1887,3.4515235,115.42382), (1888,-1.5867769,105.58127)]
CA006164297	[(1880,32.268597,Null), (1881,13.9013605,Null), (1882,10.002898,Null), (1883,-17.370588,155.65437), (1884,-6.3079267,153.27678), (1885,-26.06688,100.611885), (1886,-22.510136,129.48598), (1887,-21.567308,84.543045), (1888,-17.842262,94.24405), (1889,14.424242,114.32783)]
CA007016280	[(1880,-14.005465,90.327866), (1881,-5.6356163,91.45206), (1882,-17.169863,81.947945), (1883,-27.972603,74.457535), (1884,-16.071234,77.838356), (1885,-24.619179,72.49315), (1886,-18.372602,80.734245), (1887,-16.794521,75.69863), (1888,-19.24317,66.53825), (1889,1.7369863,85.73972)]
CA008104500	[(1883,-47.57353,73.10959)]
CA008200150	[(1880,-57.935482,Null), (1881,-39.26776,17.785715), (1882,-14.825,114.31899), (1883,-25.854166,119.88333), (1885,24.32258,139.64516), (1886,-45.5473,80.61487), (1887,69.51724,197.17241), (1888,-82.93939,6.967742)]
CA008205988	[(1880,-6.4016395,113.03825), (1881,-0.862259,107.98619), (1882,-5.4585633,103.91736), (1883,-20.635258,94.42945), (1884,-3.284507,104.467964), (1885,-3.9519775,112.57062), (1886,7.198895,117.35812), (1887,-3.3333333,110.31933), (1888,-2.0690608,100.85635), (1889,17.818182,125.12948)]
CE000434730	[(1880,97.69851,187.34328), (1881,99.93956,201.64835), (1882,101.16438,190.82466), (1883,99.734245,193.04109), (1884,94.50546,194.49454), (1885,98.83791,198.40384), (1886,101.287674,196.94505), (1887,95.95616,193.94246), (1888,98.7377,205.29507), (1889,103.19835,209.74794)]
EIE00101859	[(1880,65.03278,139.19672), (1881,61.121815,127.78754), (1882,49.239132,98.978264), (1883,65.1185,129.71098), (1884,72.27123,134.51366), (1885,63.857533,130.31506), (1886,66.25479,128.55617), (1887,65.73972,137.96712), (1888,67.78177,133.22589), (1889,72.71703,137.3544)]
RSM00023804	[(1888,-4.817844,Null), (1889,-29.395605,Null)]
RSM00027857	[(1881,-29.468843,Null), (1882,-7.5424657,Null), (1883,-11.347945,Null), (1884,-21.36612,Null), (1887,-7.687671,Null)]
RSM00029348	[(1887,94.0,247.0)]
UPM00033889	[(1887,58.777473,186.91539), (1888,46.72329,192.6), (1889,40.193253,143.70625)]
UPM00033976	[(1882,101.2137,150.6), (1883,48.14151,90.39151), (1885,101.17534,148.5589)]
USC00012386	[(1889,95.36364,Null)]
USC00034988	[(1883,145.6129,247.7742), (1884,91.95879,208.98901), (1885,87.45429,206.47934), (1886,-33.847458,64.830505)]
USC00046115	[(1888,175.22282,320.63586), (1889,145.0,274.79343)]
USC00047738	[(1880,109.674866,188.77322), (1881,117.14246,200.00275), (1882,115.23014,197.0137), (1883,124.55068,205.00275), (1884,120.98087,200.82787), (1885,129.38356,210.36986), (1886,125.16986,198.1452), (1887,123.27945,195.46028), (1888,131.82513,199.18033), (1889,127.40822,212.01096)]
USC00173046	[(1886,-3.3360655,97.60656), (1887,11.79178,115.43014), (1888,13.254098,109.41257), (1889,34.30411,131.37534)]
USC00191097	[(1884,-26.216667,59.566666), (1885,38.872272,133.72531), (1886,41.17906,132.97797), (1887,41.460056,132.12984), (1888,33.376404,120.95821), (1889,52.113636,136.90028)]
USC00195891	[(1886,-47.0,Null), (1887,-47.5,161.5)]
USC00198375	[(1884,-18.016394,82.13115), (1885,27.58356,149.87123), (1886,34.20548,150.49863), (1887,43.713467,155.09117), (1888,23.846575,138.82466), (1889,45.136986,154.26302)]
USC00199731	[(1885,-32.814125,72.14179), (1886,21.972376,122.22715), (1887,16.177965,119.36723), (1888,-13.395744,114.78278)]
USC00215638	[(1886,-9.591781,103.41209), (1887,-17.575342,95.30685), (1888,-13.502732,86.67397), (1889,3.3369863,115.52877)]
USC00254812	[(1882,-28.425,-256.275)]
USC00267835	[(1887,-44.5,147.88524), (1888,66.13333,322.13333)]
USC00277060	[(1886,29.15319,166.86667), (1887,3.2344322,125.289375)]
USC00301010	[(1880,48.650272,121.909836), (1881,45.054794,124.66027), (1882,46.91507,119.23562), (1883,30.59726,114.753426), (1884,37.54918,119.669395), (1885,27.69041,108.16438), (1886,40.449314,120.83562), (1887,42.515068,126.99726), (1888,32.96448,108.93989), (1889,49.484932,119.78356)]
USC00444876	[(1889,91.799065,215.83177)]
USC00462735	[(1889,105.152176,166.54347)]
USC00485355	[(1881,878.0,44.0)]
USW00024274	[(1880,61.568306,148.9754), (1881,74.21918,158.77808), (1882,69.46301,162.0137), (1883,69.30685,165.14795), (1884,64.58743,164.23224), (1885,73.43014,189.44658), (1886,70.46027,171.49315), (1887,65.49863,162.0685), (1888,69.75683,173.11201), (1889,71.93425,181.49315)]
USW00053875	[(1880,114.5847,207.7541), (1881,115.652054,211.85205), (1882,115.97534,208.4274), (1883,113.83288,214.16438), (1884,107.991806,208.3552), (1885,97.772606,197.06575), (1886,92.25205,199.30685), (1887,104.66027,215.75069), (1888,105.27049,211.54372), (1889,102.95616,213.33424)]
USW00093725	[(1880,82.8224,184.05191), (1881,75.76347,173.64072), (1882,82.19726,177.30685), (1883,74.31507,175.42465), (1884,81.10383,182.10382), (1885,55.460274,168.29315), (1886,71.98082,137.47945), (1887,79.30411,176.41096), (1888,73.04645,169.28415), (1889,83.17534,175.2137)]
