AGE00147705	[(1886,Null,154.0), (1887,145.2,228.22778), (1888,149.34616,224.32417), (1889,144.26666,220.39105)]
AGE00147711	[(1886,110.66888,227.06271), (1887,93.927574,215.0), (1888,92.556816,203.81088), (1889,88.80878,197.95732)]
ASN00035027	[(1889,193.88608,319.7037)]
ASN00038003	[(1888,158.525,328.07346), (1889,176.67123,329.94247)]
AU000005010	[(1880,49.948086,122.773224), (1881,40.08493,111.526024), (1882,49.432877,122.80822), (1883,45.80274,116.21918), (1884,49.601093,124.833336), (1885,45.263012,121.139725), (1886,49.19452,120.564384), (1887,40.054794,110.43288), (1888,40.519127,109.357925), (1889,44.29041,109.48493)]
CA001167635	[(1882,-33.050846,64.77966), (1883,27.098803,65.07547), (1884,45.99635,167.69708), (1888,57.85811,166.77026), (1889,42.558075,162.80846)]
CA004013030	[(1889,-7.787234,134.41228)]
CA005022547	[(1880,-65.80601,62.448086), (1881,-53.50411,77.06027), (1882,-77.54605,57.36842), (1883,-87.62192,52.69863), (1884,-76.96722,57.407104), (1885,-52.689045,78.85159)]
CA005022790	[(1880,-59.58172,63.96338), (1881,-39.513042,105.46667), (1882,Null,77.98521), (1883,-68.53221,46.39172), (1884,-62.246574,59.87123), (1885,-71.55525,67.57618), (1886,-60.035713,75.50824), (1887,-70.20822,65.246574), (1888,-61.401638,69.58197), (1889,-44.443836,100.1863)]
CA005062047	[(1884,Null,-45.0), (1885,-315.8923,-215.30302)]
CA006100969	[(1885,28.350994,122.5894), (1886,14.738161,113.68784)]
CA006101872	[(1880,8.969945,121.81694), (1881,14.136987,120.79452), (1882,6.6958904,110.77808), (1883,-8.975343,103.967125), (1884,3.2103825,109.748634), (1885,-6.90137,97.46301), (1886,1.4465753,109.98901), (1887,-2.6904109,108.22192)]
CA006110458	[(1889,-45.98361,43.47541)]
CA006110605	[(1880,-17.177595,104.934425), (1881,-12.126027,116.79178), (1882,-18.528767,103.29863), (1883,-38.99178,84.863014), (1884,-22.355192,95.34521), (1885,-32.09863,80.13425), (1886,-21.421917,92.67671), (1887,-26.257534,97.28219), (1888,-26.595629,84.10929), (1889,-1.5178082,102.88493)]
CA006112171	[(1882,13.204918,94.483604), (1883,-0.7890411,85.69315), (1884,11.221918,101.10685), (1885,-2.3041096,86.47802), (1886,10.537396,103.06061), (1887,9.069833,106.052635), (1888,-1.5534247,93.4533), (1889,18.220057,111.63408)]
CA006116128	[(1880,15.786885,117.68033), (1881,20.136986,128.03014), (1882,9.167123,110.48219), (1883,-14.199446,92.14681), (1884,-6.5027323,101.21096), (1885,-24.057692,84.68407), (1886,4.8514853,102.30363), (1887,-10.437674,113.367546), (1888,10.626865,109.83283), (1889,12.386301,111.76438)]
CA006142284	[(1882,7.8273973,108.92329), (1883,-9.268011,96.95349), (1885,-4.3076925,96.36438), (1886,5.9890413,104.0411), (1887,5.6986303,109.34521), (1888,2.2868853,99.90164), (1889,22.243835,115.5863)]
CA006153192	[(1880,32.546448,140.34154), (1881,17.849316,148.863), (1882,13.649315,140.24384), (1883,0.07945205,125.90137), (1884,10.376373,137.3599), (1885,-5.8434067,121.12088), (1886,6.336986,132.71233), (1887,-6.4408283,136.55966), (1888,-58.508476,55.78846)]
CA006164430	[(1880,11.304478,125.764175), (1881,3.830137,123.8137), (1882,-0.6328767,113.945206), (1883,-20.779005,97.59116), (1884,-9.9205475,113.1978), (1885,-21.578083,98.69589), (1886,-9.221918,113.052055), (1887,-10.216438,116.1452), (1888,-15.819673,105.44536), (1889,7.2027397,113.89863)]
CA006165195	[(1886,-114.983604,-3.7868853), (1887,-38.936985,115.81644), (1888,-41.37705,100.53278), (1889,-15.849315,117.48493)]
CA006166416	[(1880,6.469178,126.90909), (1881,10.316994,131.77777), (1882,6.1121793,122.77244), (1883,-7.728155,107.915855), (1884,11.141644,123.11615), (1885,-7.942466,110.51233), (1886,-3.6016483,118.82143), (1887,-15.690751,128.69862)]
CA008204480	[(1885,4.576087,141.56522), (1886,0.87922704,91.778305), (1887,-45.7191,11.247191), (1888,-33.322582,25.225807)]
CA008205698	[(1880,-2.456284,99.13388), (1881,7.6739726,96.841095), (1882,3.430137,93.44658), (1883,-3.2986302,96.90685), (1884,1.5765027,96.35246), (1885,3.3232877,102.23562), (1886,17.345205,110.8137), (1887,8.230137,103.04932), (1888,6.7349725,97.47814), (1889,24.824657,122.62192)]
GG000037545	[(1881,73.63287,Null), (1882,79.655685,Null), (1883,75.44383,Null), (1884,71.196724,Null), (1885,74.161644,Null), (1886,72.37808,Null), (1887,77.95616,Null), (1888,77.9235,215.14131), (1889,92.71856,200.03893)]
GM000003319	[(1880,61.97814,140.35246), (1881,48.38082,125.21096), (1882,59.33151,137.98082), (1883,41.334248,129.48492), (1884,46.688526,137.30328), (1885,41.463013,126.40822), (1886,39.00274,131.13972), (1887,49.657536,121.66027), (1888,45.48361,115.983604), (1889,55.936985,124.82466)]
KZ000035188	[(1884,-8.494565,Null), (1885,-45.017963,Null)]
RSM00027051	[(1883,-40.510868,Null), (1884,-52.84,Null)]
RSM00028275	[(1887,-149.83606,Null), (1888,-51.743168,Null), (1889,-49.994522,Null)]
RSM00034110	[(1889,0.1779661,83.17796)]
USC00011685	[(1889,180.14035,310.8772)]
USC00030936	[(1883,191.14815,298.19418), (1884,137.75,296.73016), (1885,187.56834,307.05084), (1886,176.38182,298.97076), (1887,215.51471,326.09027), (1888,193.86487,302.6857), (1889,174.54808,279.0762)]
USC00171100	[(1888,30.797386,117.51634), (1889,35.864456,133.11855)]
USC00172426	[(1889,63.0,124.8)]
USC00176902	[(1880,48.833332,135.32787), (1881,51.019176,131.18082), (1882,47.221916,131.46301), (1883,33.98904,125.42192), (1884,44.617485,130.39891), (1885,30.627398,121.649315), (1886,26.616438,111.904106), (1887,26.547945,110.627396), (1888,19.030054,101.08743), (1889,42.66849,119.59178)]
USC00191650	[(1885,46.49589,129.13425), (1886,49.05234,129.57025), (1887,46.430138,128.91232), (1888,40.64754,121.57104), (1889,61.663013,135.62466)]
USC00200718	[(1888,-33.0,72.0)]
USC00201744	[(1889,63.459015,176.40984)]
USC00205065	[(1888,59.179348,130.55435), (1889,32.90411,104.93973)]
USC00241008	[(1880,72.0,239.0)]
USC00252065	[(1889,181.82051,292.3707)]
USC00261395	[(1889,86.73818,205.38223)]
USC00268349	[(1888,-20.283186,127.92036), (1889,-2.9541547,151.49138)]
USC00271682	[(1880,31.081966,156.52733), (1881,32.778084,149.53151), (1882,21.528767,145.91232), (1883,10.263014,137.95343), (1884,26.674864,132.84973), (1885,15.035617,126.72329), (1886,24.906849,134.84932), (1887,25.731506,129.67123), (1888,17.6694,120.96175), (1889,35.208218,141.29315)]
USC00288878	[(1880,101.07945,175.0274), (1881,-44.61017,28.644068), (1887,130.93407,196.07143), (1888,90.25956,158.39618), (1889,99.350685,171.54247)]
USC00301207	[(1888,-72.577774,116.054054)]
USC00319462	[(1880,127.06284,228.24043), (1881,135.7096,224.36713), (1882,136.21918,221.19179), (1883,133.56987,225.17809), (1884,136.15027,229.79782), (1885,123.69589,220.6274), (1886,115.44109,221.86028), (1887,117.25205,219.88219), (1888,122.5,217.54645), (1889,127.90137,216.0137)]
USC00343300	[(1880,94.19399,219.29234), (1881,107.5863,231.28693), (1882,100.11539,224.81319), (1883,93.07025,223.34297), (1884,118.972824,250.34782), (1885,70.649315,215.25479), (1886,94.83562,227.38904), (1887,97.69315,227.29588), (1888,86.22527,216.13461), (1889,94.33424,220.50137)]
USC00354670	[(1887,30.09091,183.98788), (1888,-12.547619,125.519684)]
USC00464897	[(1889,108.37238,184.94978)]
USW00013724	[(1880,77.79508,157.96721), (1881,79.68767,150.90959), (1882,76.27671,149.9452), (1883,68.964386,143.73698), (1884,76.53278,152.3825), (1885,65.7863,145.06575), (1886,69.33973,148.01643), (1887,75.583565,150.29863), (1888,65.172134,143.77869), (1889,80.646576,146.22192)]
