AGE00147709	[(1884,95.117485,189.33018), (1885,97.690414,197.72754), (1886,96.87671,182.85556), (1887,96.29589,183.53424), (1888,97.2967,176.82967), (1889,90.91445,174.68208)]
AGE00147715	[(1886,99.94444,227.25), (1887,113.0,266.73367), (1888,93.30114,238.87921), (1889,88.66873,237.90274)]
ASN00026026	[(1884,94.87931,187.10527), (1885,93.16712,182.4473), (1886,91.879456,187.35617), (1887,94.06301,187.19179), (1888,91.42623,189.24316), (1889,94.78904,191.25754)]
ASN00033046	[(1889,224.1695,291.15518)]
ASN00056017	[(1880,75.89326,225.6264), (1881,67.2829,220.68976), (1882,60.141594,221.11209), (1883,52.16022,232.49312), (1884,72.869446,241.19167), (1885,116.52453,243.46213), (1886,100.75637,230.65909), (1887,99.03835,208.98904), (1888,89.43989,220.39891), (1889,113.900826,215.0577)]
ASN00074128	[(1880,85.58442,233.4148), (1881,77.698715,235.7468), (1882,85.4,247.84839), (1883,83.868164,242.86494), (1884,75.371796,252.74359), (1885,76.874596,260.51767), (1886,69.2508,269.46945), (1887,77.6859,270.9393), (1888,67.95806,272.84567), (1889,84.603226,266.7871)]
CA001114620	[(1881,38.68976,138.11748), (1882,35.854794,134.5863), (1883,37.712574,145.69162)]
CA004019070	[(1884,-90.08439,33.244724)]
CA006057595	[(1889,24.04,130.725)]
CA006105887	[(1880,6.108333,120.81111), (1881,-50.064518,55.703224), (1882,-34.597828,40.673912), (1883,-17.369864,89.14246), (1884,-15.857534,104.37808), (1885,-21.912329,85.46301), (1886,-8.906849,92.42466), (1887,-11.535714,100.4533), (1888,-8.375342,95.479454), (1889,6.4821916,112.07671)]
CA006107003	[(1885,1.7967213,129.3377), (1886,-21.5,107.96338), (1887,-24.707989,110.72176), (1888,-14.483965,117.252174), (1889,-7.9159665,121.88398)]
CA006110549	[(1880,8.178572,116.79945), (1881,8.810439,124.85989), (1882,10.038462,118.40659), (1883,-8.857534,98.753426), (1884,2.5835617,109.11233), (1885,-10.376373,93.72802), (1886,-0.32596686,113.83933), (1887,2.087912,114.87637)]
CA006113660	[(1880,-42.067165,86.32836), (1881,-36.815952,115.24695), (1882,-32.38489,122.36072), (1883,-29.222221,97.04747), (1884,-8.479854,108.82051), (1885,-90.37811,29.218906)]
CA006136694	[(1880,34.068306,140.153), (1881,32.950684,141.92877), (1882,33.575344,127.3863), (1883,9.926027,126.075584), (1884,19.978142,126.333336), (1885,6.260274,112.89315), (1886,21.58356,125.08493), (1887,23.69041,124.87671), (1888,16.398907,110.1776), (1889,33.079453,125.50137)]
CA006139520	[(1880,39.334396,149.64012), (1881,36.16933,149.65495), (1882,37.26282,144.01282), (1883,19.511183,133.5623), (1884,25.917198,143.08598), (1885,13.217253,128.65495), (1886,25.15655,144.89456), (1887,24.41853,146.2524)]
CA006143780	[(1880,-35.15534,59.220184), (1881,27.395834,128.03424), (1887,-51.77778,35.28169), (1888,7.518293,121.52134)]
CA007026465	[(1880,-5.803828,128.24881), (1881,37.530056,151.53297), (1882,-16.892857,97.89041), (1883,-33.89863,92.36813), (1884,-19.501377,100.98627), (1885,-36.172604,94.180824), (1886,-27.254795,104.51649), (1887,-29.975275,99.72055), (1888,-30.449314,89.199455), (1889,-4.3818684,112.57143)]
CA007056067	[(1880,-29.204918,62.387978), (1881,-22.336088,67.30303), (1882,-31.767124,57.791782), (1883,-43.92603,55.663013), (1884,-43.811474,51.174862), (1885,-29.176811,52.09863), (1886,-29.775343,57.838356), (1887,-36.9863,50.09863), (1888,-36.224045,48.956284), (1889,-19.408218,66.435616)]
CA008100990	[(1880,-20.519125,101.30875), (1881,-11.057534,100.58904), (1882,-20.30959,94.052055), (1883,-30.745205,91.646576), (1884,-22.873972,88.76986), (1885,-22.20822,96.62192), (1886,-11.627398,99.926025), (1887,-22.10685,98.117805), (1888,-19.325136,90.19125), (1889,6.9342465,115.27671)]
CA008101170	[(1880,-11.28,89.25288), (1881,-18.223164,73.91292), (1882,-28.766016,75.7933), (1883,-43.87569,63.64917), (1884,-37.603306,64.73351), (1885,-31.234636,54.29044), (1886,-24.397758,82.37255), (1887,-27.8098,77.05764), (1888,-24.875,72.86667), (1889,-12.80337,91.76816)]
CA008101230	[(1880,-123.741936,-24.35484), (1888,-14.827868,85.39071), (1889,9.873973,97.224655)]
CA008101920	[(1883,42.33898,132.70056), (1884,13.775956,99.34426), (1885,9.772603,97.06301), (1886,17.11233,105.36164), (1887,8.649315,102.3589), (1888,4.7650275,92.434425), (1889,24.747946,111.55068)]
CA008103825	[(1886,32.08989,151.1236), (1887,-11.937126,100.267265), (1888,-25.114754,56.098362), (1889,-8.589041,101.523285)]
DA000032030	[(1880,53.3388,102.08197), (1881,41.052055,87.39726), (1882,61.72603,107.42192), (1883,50.780823,96.60822), (1884,57.434425,105.65847), (1885,53.153423,100.08219), (1886,52.536987,104.00822), (1887,51.49589,99.649315), (1888,41.52186,83.6229), (1889,50.057533,96.37808)]
EZE00100082	[(1880,58.71858,130.62569), (1881,47.778084,116.31507), (1882,61.27397,129.17809), (1883,55.19452,122.53973), (1884,60.14481,130.06557), (1885,56.967125,128.10684), (1886,58.89315,128.96439), (1887,48.942467,116.68219), (1888,49.270493,116.44536), (1889,56.164383,120.59178)]
GME00121258	[(1888,-10.229508,49.065575), (1889,42.268494,125.756165)]
GMW00035032	[(1880,60.598362,142.06284), (1881,52.72329,132.96439), (1882,60.8,136.4822), (1883,58.39726,136.8137), (1884,64.76776,144.83879), (1885,53.80548,133.75342), (1886,60.561646,140.96712), (1887,48.10411,125.40274), (1888,50.177597,124.224045), (1889,57.12877,130.27945)]
RSM00024944	[(1882,-168.70909,Null)]
RSM00024959	[(1888,9.462963,127.97619), (1889,-110.34909,Null)]
RSM00026063	[(1881,-8.347945,67.18956), (1882,13.013699,Null), (1883,4.638356,69.975204), (1884,-2.0054646,70.81967), (1885,3.4849315,78.12329), (1886,11.358904,81.69863), (1887,15.736986,80.80548), (1888,-16.688524,56.87978), (1889,8.1452055,78.76986)]
RSM00026477	[(1881,-25.818792,53.682274), (1882,22.011204,94.0028), (1883,17.175825,97.319855), (1884,15.417956,107.80746), (1885,20.387196,107.60551), (1886,6.4664803,97.801674), (1887,21.936508,109.66032), (1888,-22.275862,73.25313), (1889,3.8550725,106.231674)]
RSM00034163	[(1884,-20.765028,Null)]
RSM00034880	[(1881,48.720547,138.42192), (1882,58.90137,149.0), (1883,50.865753,149.44383), (1884,49.14754,143.53552), (1885,46.378082,150.33972), (1886,8.458564,111.61878), (1889,-113.19355,-62.51613)]
RSM00037472	[(1882,83.22802,Null), (1883,83.6,Null), (1884,79.05464,Null), (1885,53.98311,Null), (1886,84.030136,Null), (1887,92.50959,Null), (1888,85.39891,Null), (1889,82.818184,Null)]
SZ000002220	[(1882,-49.336067,-3.3140495), (1883,-49.427746,21.222544), (1884,-45.11078,12.09009), (1885,-37.747253,16.365385), (1886,-42.48895,17.480663), (1887,-49.70879,11.769231)]
UPM00033910	[(1885,53.484932,Null), (1886,56.923286,Null), (1887,62.265755,Null), (1889,52.545456,Null)]
UPM00033946	[(1886,87.04082,Null), (1887,58.667656,Null), (1888,51.885715,Null), (1889,57.970238,Null)]
USC00023096	[(1883,161.49382,306.65433), (1889,118.9012,212.73952)]
USC00035186	[(1884,121.38271,291.18408), (1885,167.5,297.67596), (1886,180.42406,301.61584), (1887,163.37878,300.29892), (1888,164.17877,300.51956), (1889,131.08879,260.11215)]
USC00043157	[(1880,Null,150.98907), (1881,Null,179.92603), (1882,23.240816,184.34058), (1883,-10.257534,170.49042), (1884,15.836065,151.80055), (1885,41.773026,180.92763), (1886,28.980822,159.52307), (1887,20.432877,164.04109), (1888,27.811476,172.76776), (1889,28.41096,175.0)]
USC00134049	[(1883,87.68727,151.95636), (1884,58.152237,119.522385), (1885,33.263012,93.542465), (1886,47.446575,112.071236), (1887,44.40274,111.85754), (1888,-189.80646,-121.41936)]
USC00172740	[(1886,5.814815,125.08389), (1887,-3.9461756,123.904625), (1888,-10.634349,103.85165), (1889,22.451612,161.29033)]
USC00190830	[(1889,64.753426,146.65753)]
USC00193110	[(1885,51.282722,172.6178), (1886,20.140057,136.18384), (1887,7.976109,117.36054), (1888,-12.824074,108.50309), (1889,30.27095,140.18056)]
USC00194295	[(1885,41.29752,132.67493), (1886,45.97808,128.73698), (1887,51.4137,132.56987), (1888,42.01366,123.800545), (1889,67.16712,135.7726)]
USC00194313	[(1885,146.09677,241.45161), (1889,45.137363,146.18356)]
USC00194340	[(1885,-40.16129,117.00833), (1886,32.420895,133.59178), (1887,12.613699,133.9233), (1888,-0.027322404,119.79235), (1889,25.646576,139.00548)]
USC00194760	[(1885,42.36986,129.07397), (1886,37.485596,121.65432), (1887,-47.372883,38.260506)]
USC00198960	[(1885,78.86631,201.85715), (1886,34.987095,155.86996), (1887,25.355421,146.10919), (1888,15.333333,136.84985), (1889,44.528427,147.65814)]
USC00200146	[(1887,48.490654,176.39252), (1888,-0.07923497,124.5), (1889,-13.750916,118.63158)]
USC00260770	[(1889,64.216324,178.3755)]
USC00262030	[(1888,Null,-140.16667)]
USC00262708	[(1888,78.98897,218.59708), (1889,8.494012,175.8388)]
USC00279307	[(1886,-21.58,122.932884), (1887,-2.6460674,111.61149), (1889,-12.453038,127.11602)]
USC00298072	[(1880,-3.2786884,149.8224), (1881,41.410828,173.97452), (1882,32.950413,163.71233), (1883,3.9151516,128.35152), (1884,-59.14706,53.419353), (1885,30.663013,154.8548), (1886,31.643835,153.91232), (1887,35.277473,160.99452), (1888,37.737705,159.20547), (1889,37.463013,159.99725)]
USC00338366	[(1880,69.26503,153.38524), (1881,70.30137,151.23013), (1882,66.42466,147.68219), (1883,47.663013,137.59451), (1884,55.691257,144.34973), (1885,40.252056,128.5726), (1886,40.887672,138.72328), (1887,46.00274,142.79453), (1888,39.459015,134.347), (1889,53.441097,145.90685)]
USC00419421	[(1883,193.31776,342.14487), (1884,185.08095,307.0379), (1885,191.00543,303.67935), (1886,200.88718,319.39487), (1887,203.42392,324.32608), (1888,162.06406,278.83273)]
USC00469368	[(1881,Null,-180.5)]
USC00474375	[(1880,37.86612,131.7541), (1881,44.19178,130.03288), (1882,46.48767,130.15616), (1883,19.465754,107.31507), (1884,31.677595,117.83607), (1885,27.128767,113.1726), (1886,38.49589,133.27472), (1887,20.471233,128.69589), (1888,13.368853,109.172134), (1889,29.269972,133.90358)]
USW00014971	[(1883,103.61905,194.4554), (1886,-23.824175,92.86813), (1887,-76.078835,98.51667), (1888,29.879782,152.22404), (1889,30.7994,172.43114)]
USW00024121	[(1888,-13.575091,228.20879), (1889,-28.528767,222.62192)]
USW00024157	[(1889,31.348684,149.05882)]
UZM00038618	[(1881,-9.8,Null), (1882,55.016666,Null), (1883,68.416435,Null), (1884,65.8224,Null), (1888,83.08743,Null), (1889,64.32055,Null)]
