AGE00147716	[(1880,Null,240.51912), (1881,110.37086,228.62405), (1882,102.51507,226.85475), (1883,91.61357,231.71591), (1884,128.09563,219.10655), (1885,135.46405,232.78758), (1886,132.72981,223.22034), (1887,130.95212,220.19774), (1888,131.26404,217.16292), (1889,124.07079,214.40828)]
ASN00014016	[(1885,230.32239,328.12836), (1886,237.4822,334.35617), (1887,227.14247,325.87396), (1888,234.34154,336.32242), (1889,240.53151,339.99725)]
ASN00048030	[(1881,90.048386,275.87747), (1882,112.65651,Null), (1883,104.31507,290.47632), (1884,104.02012,324.625), (1885,108.19219,286.26126), (1886,110.1452,270.6685), (1887,105.5863,284.56985), (1888,128.22404,299.34152), (1889,154.96986,288.1863)]
ASN00052026	[(1880,127.46667,278.89722), (1881,127.75845,269.9466), (1882,115.3125,297.5567), (1883,115.74551,275.1557), (1884,133.22191,290.69125), (1885,125.452515,280.55127), (1886,128.68219,258.21368), (1887,123.753426,253.61905), (1888,122.95028,265.27197), (1889,140.58678,250.08264)]
ASN00055023	[(1880,49.127945,287.19864), (1881,66.81848,289.34653), (1882,111.655304,296.70074), (1883,122.5541,270.28268), (1884,128.62646,261.02353), (1885,126.49683,248.75949), (1886,121.34722,239.02315), (1887,116.90283,231.05263), (1888,127.4,267.94467), (1889,142.41597,281.35294)]
ASN00090015	[(1880,104.39617,193.89891), (1881,102.0,190.62466), (1882,100.55068,192.75069), (1883,104.08219,200.09688), (1884,96.78595,188.4039), (1885,91.0814,181.62259), (1886,103.85596,186.70084), (1887,106.016525,182.42517), (1888,103.97541,181.23627), (1889,108.27945,185.81714)]
AU000015410	[(1886,-134.42622,-80.491806), (1887,-98.054794,-49.835617), (1888,-92.24044,-45.35519), (1889,-92.989044,-49.030136)]
CA001066336	[(1886,57.160378,130.18224), (1887,12.0172415,90.64835), (1888,33.37003,104.36612), (1889,37.2137,115.30137)]
CA004016560	[(1883,-239.83871,-107.354836), (1884,-82.13661,52.275955), (1885,-59.057533,75.095894), (1886,-61.734245,77.21096), (1887,-74.68767,61.36986), (1888,-308.74194,-203.67741)]
CA004028035	[(1885,-108.41936,1.8387097), (1886,-36.559227,106.80716), (1887,-54.090412,81.32329), (1888,-45.97814,90.02186), (1889,-31.065754,123.90137)]
CA005030556	[(1889,37.0,82.468925)]
CA006055095	[(1882,-35.782608,50.097828)]
CA006085023	[(1882,88.64,217.12), (1883,-95.42069,47.23448), (1886,17.489712,141.38272), (1887,-47.839344,113.935486), (1888,-35.21132,108.45136), (1889,-38.403225,119.78453)]
CA006142252	[(1889,24.798742,117.99371)]
CA006143083	[(1881,86.99555,183.19574), (1882,28.480556,119.77285), (1883,4.8983517,107.31593), (1884,5.2868853,120.51913), (1885,-13.572727,99.21212), (1886,4.6246576,118.62466), (1887,6.0164833,121.96419), (1888,0.4834254,110.89532), (1889,9.389972,126.08101)]
CA006150913	[(1880,27.15864,120.84426), (1881,22.715069,124.649315), (1882,12.510264,109.32059), (1883,-1.6712328,101.33424), (1884,6.4153004,111.94536), (1885,-12.138643,91.79464), (1886,4.221591,109.4302), (1887,6.3370786,118.50141), (1888,4.5710382,110.03552)]
CA006160465	[(1882,-54.5618,46.704544), (1883,-43.554913,82.54913), (1884,-35.95,100.429825), (1885,-42.508984,96.9039), (1886,-155.41573,-13.910112), (1889,-58.219513,35.256096)]
CA007050200	[(1880,20.009615,96.902916), (1881,-13.386431,49.32941), (1882,-16.627398,44.40274), (1883,-23.931507,34.88493), (1884,-27.448088,30.52459), (1885,-16.068493,37.97534), (1886,-5.720548,49.60822), (1887,-14.3068495,40.019176), (1888,-7.076503,47.598362), (1889,-0.4849315,53.553425)]
CA007066688	[(1888,5.7838826,102.007324), (1889,-21.879452,73.84657)]
CA008100500	[(1880,-17.0,87.61981), (1881,-56.850876,44.01695), (1882,-21.206558,98.72787), (1883,-48.422382,75.35018), (1884,-27.67442,93.61628), (1885,-22.202347,100.80352), (1886,-23.392157,104.14846), (1887,-35.766018,95.369446), (1888,-24.79942,101.84507), (1889,-2.2521245,127.47025)]
CYE00100074	[(1881,138.73793,275.95972), (1882,84.61582,220.86525), (1883,67.87037,262.36163), (1884,97.44267,266.18784), (1885,119.03371,274.87772), (1886,108.99178,274.6868), (1887,118.904106,262.61917), (1888,124.931694,257.57922), (1889,135.24786,263.0412)]
DA000025140	[(1880,55.58127,113.04384), (1881,36.89589,91.91781), (1882,59.20879,109.73151), (1883,52.049316,105.841095), (1884,56.494537,113.79235), (1885,46.07397,100.40822), (1886,46.032875,100.41918), (1887,42.60274,99.67397), (1888,41.0,91.39071), (1889,52.47945,107.84657)]
HRE00105189	[(1880,131.36339,192.93443), (1881,127.56712,188.79726), (1882,134.27124,200.0685), (1883,128.37808,193.79178), (1884,126.95082,194.35246), (1885,136.0767,200.4411), (1886,135.9863,200.75069), (1887,130.70685,199.04657), (1888,126.94536,Null), (1889,108.74586,Null)]
RSM00029263	[(1884,-60.827793,Null), (1885,-75.18904,Null), (1886,-66.70137,Null), (1887,-73.16438,163.77011), (1888,-77.4375,Null), (1889,-78.34247,Null)]
RSM00031369	[(1881,-260.82144,Null), (1883,-14.766666,Null), (1884,-83.46667,Null), (1885,-79.15703,Null), (1886,-61.00568,Null), (1887,-64.48475,Null), (1888,-60.906338,Null), (1889,-59.17066,Null)]
TS000060765	[(1887,122.47802,258.53296), (1888,99.45055,229.34807), (1889,137.02191,256.39725)]
TSE00147769	[(1886,140.38406,233.26268), (1887,116.95775,231.71349), (1888,117.39521,231.70279), (1889,116.2263,229.27052)]
TSE00147775	[(1886,168.51282,254.18367), (1887,155.98555,229.3985), (1888,157.72728,219.51704), (1889,145.60242,236.15616)]
UK000000000	[(1880,Null,64.0), (1881,48.887672,122.83014), (1882,57.91507,131.55617), (1883,52.208218,128.32329), (1884,59.46175,137.51093), (1885,47.460274,124.457535), (1886,51.739727,122.879456), (1887,42.39726,123.74795), (1888,47.765026,117.1776), (1889,54.33151,126.22192)]
USC00174230	[(1885,-25.348837,57.252872), (1886,6.1088824,112.81024), (1887,-24.786713,75.11828), (1888,-6.5095787,74.65267), (1889,31.096676,116.67273)]
USC00190595	[(1885,79.8421,165.40758), (1886,-1.5399061,81.671364), (1887,-99.72414,-14.118644), (1888,8.35082,94.11475), (1889,14.821138,83.89431)]
USC00193625	[(1885,-3.5543478,Null), (1886,26.23077,Null), (1887,27.635616,Null), (1888,20.248587,383.0), (1889,41.88983,Null)]
USC00194360	[(1885,15.119565,90.228264), (1886,46.158905,126.50959), (1887,43.741756,123.668495), (1888,36.480873,115.174866), (1889,58.635822,131.53134)]
USC00194795	[(1885,74.33061,178.58775), (1886,32.88219,138.87671), (1887,36.90411,136.32603), (1888,25.161644,125.94809), (1889,45.487602,142.58356)]
USC00241418	[(1882,-78.0,-11.0)]
USC00262383	[(1889,121.44351,251.35538)]
USC00269430	[(1889,120.91358,246.52469)]
USC00331662	[(1880,57.42623,143.30328), (1881,58.27671,139.27124), (1882,56.279453,138.2), (1883,41.865753,132.32877), (1884,48.153004,137.58743), (1885,36.364384,124.70685), (1886,44.6,136.70685), (1887,49.230137,141.47945), (1888,47.06011,132.73224), (1889,59.80548,140.64658)]
USC00363711	[(1888,89.90761,172.52174), (1889,69.564384,153.26575)]
USC00456109	[(1880,43.648647,137.9581), (1881,53.0988,138.4521), (1882,50.536987,141.75616), (1883,52.39726,146.74246), (1884,53.53552,150.35793), (1885,59.08493,168.36438), (1886,53.70411,155.49315), (1887,47.158905,144.12054), (1888,55.885246,157.4754), (1889,54.49315,165.16164)]
USC00466207	[(1880,80.82222,176.125), (1881,80.309586,174.22466), (1882,75.83288,166.23561), (1883,-21.355556,77.166664)]
USW00012945	[(1883,196.23944,325.92056), (1884,192.85982,313.47662), (1885,198.58696,301.08694), (1886,197.00981,306.40195), (1887,192.65218,317.19565), (1888,193.45055,297.3846)]
USW00014898	[(1886,-9.04918,82.71311), (1887,9.852055,110.416435), (1888,4.9590163,98.5765), (1889,22.060274,113.27397)]
USW00023271	[(1880,86.46027,203.7863), (1881,99.561646,214.45479), (1882,93.37363,212.28021), (1883,93.07945,219.46849), (1884,98.73497,211.71039), (1885,110.649315,229.67671), (1886,94.272224,217.825), (1887,87.87123,228.08768), (1888,97.72329,230.53699), (1889,96.44109,225.2137)]
USW00053919	[(1883,151.36,293.5815), (1884,153.5614,293.20834), (1885,172.93024,301.9023), (1886,174.64572,306.13333), (1887,118.45238,316.38095), (1888,116.6875,242.25), (1889,103.90323,257.0645)]
USW00094728	[(1880,75.7623,156.98634), (1881,73.44658,152.56165), (1882,73.39726,146.64383), (1883,62.873974,139.9452), (1884,75.69399,149.17534), (1885,64.59452,143.36713), (1886,66.49589,148.81644), (1887,64.60165,146.4945), (1888,57.22131,136.847), (1889,78.42466,154.22466)]
