AGE00147718	[(1880,147.8825,306.60785), (1881,157.99701,283.81232), (1882,139.66576,271.76987), (1883,127.0411,274.22253), (1885,147.18663,270.06406), (1886,145.8599,266.39246), (1887,142.98077,268.56656), (1888,152.98334,277.3389), (1889,145.09041,268.71625)]
AJ000037735	[(1882,96.552284,210.93465)]
CA003072145	[(1880,-97.4153,50.225273), (1881,-78.27123,59.843834), (1882,-81.192635,70.7726), (1884,-4.292887,141.57741), (1886,-114.51462,34.77193)]
CA004013400	[(1880,-278.1184,-142.58441)]
CA005010977	[(1889,-45.238358,83.82466)]
CA005012279	[(1886,-31.484663,115.368904), (1887,-128.82166,67.60915), (1888,-48.955055,64.88764), (1889,-11.343971,124.696754)]
CA005012540	[(1885,-10.889796,133.30452), (1886,-60.68956,94.630135), (1887,-68.47123,77.0989), (1888,-63.49727,78.03552), (1889,-42.52055,108.90137)]
CA006118187	[(1888,48.00483,149.47847), (1889,-6.9686522,94.96865)]
CA006124127	[(1880,33.789474,127.90884), (1881,-41.531467,125.38028), (1882,Null,123.76572), (1883,36.29655,107.92614), (1884,23.370474,117.70752), (1885,9.306358,106.22543), (1886,28.011976,121.08084), (1888,1.4325154,99.77608), (1889,29.501484,121.19585)]
CA006124700	[(1886,53.54673,163.0939), (1887,12.852055,122.84657), (1888,3.6346154,110.99452), (1889,22.254795,124.0411)]
CA006136643	[(1880,40.46448,121.37978), (1881,38.638355,125.37808), (1882,39.361645,120.38356), (1883,19.120548,104.8137), (1884,30.710382,112.62569), (1885,16.517809,102.73151), (1886,29.235617,113.49589), (1887,29.764383,123.630135), (1888,20.931694,112.166664), (1889,39.158905,130.54521)]
CA006139445	[(1880,-3.1311476,74.78704), (1881,16.018518,125.166664), (1882,-21.663935,72.96722), (1883,8.118457,115.168045), (1884,14.603352,118.70112), (1885,0.025568182,103.529915), (1886,18.483871,119.6041)]
CA006155876	[(1882,18.941177,106.59664), (1883,4.183562,99.62912), (1884,8.132232,118.10989), (1885,-1.3424658,107.40934), (1886,10.265193,113.174034), (1887,9.301105,117.49448), (1888,-30.008196,70.040985), (1889,20.575342,121.56712)]
CA006165716	[(1880,9.114369,116.02933), (1882,13.695652,168.16049), (1884,9.829091,144.04727), (1885,-12.254098,133.95901), (1886,-13.601719,137.23279), (1887,-34.63014,112.21918), (1888,-35.71947,79.92079), (1889,8.570605,103.82493)]
CA007023240	[(1880,5.546448,105.39617), (1881,6.9380283,99.94648), (1882,6.6768804,99.22841), (1883,-11.355371,90.92562), (1884,0.33426183,101.79945), (1885,-10.369863,85.9863), (1886,-2.2054794,97.3863), (1887,-7.0,96.904106), (1888,-6.560109,87.05738), (1889,12.024657,103.50959)]
CA007025280	[(1880,10.734973,110.991806), (1881,20.58904,111.58082), (1882,12.953424,98.178085), (1883,-1.969863,89.47123), (1884,9.327868,98.068306), (1885,-0.5369863,86.04658), (1886,8.361644,97.23836), (1887,5.890411,95.649315), (1888,3.2240436,85.93989), (1889,21.70411,102.7589)]
CA007061440	[(1880,-151.44827,11.415585), (1881,-78.12308,30.653847), (1882,-40.893105,87.53793), (1883,-41.263344,90.1), (1884,-42.50775,60.341774), (1885,-48.113575,65.66575), (1886,-41.215908,70.076706), (1887,-39.875362,72.594284), (1888,-40.421204,71.9885), (1889,-27.580736,86.806816)]
CA008104800	[(1880,10.538251,88.330605), (1881,14.835616,87.23836), (1882,5.361644,81.263016), (1883,-1.8969359,86.85794), (1884,0.23224044,89.592896), (1885,-2.3917809,91.63562), (1886,3.6546962,98.03867), (1887,-0.3808219,92.0137), (1888,-0.06318682,84.22527), (1889,20.739725,102.838356)]
CA008200300	[(1880,-15.714777,96.01028), (1881,-3.6955128,103.05769), (1882,22.965986,103.617546), (1883,-26.395061,83.82645), (1884,-2.5532646,106.42268), (1885,-111.72093,3.011628)]
CA008300441	[(1880,-9.581967,91.172134), (1881,-2.7793295,86.62011), (1882,-10.746439,82.80627), (1883,-17.50685,88.24931), (1884,-14.071038,80.57104), (1885,-9.824657,91.72877), (1886,-4.082192,96.79726), (1887,-11.876713,88.84657), (1888,-11.238357,82.36612), (1889,8.6,110.42466)]
CA008401125	[(1880,-107.23967,-0.8), (1881,-7.678571,Null), (1882,-19.424658,Null), (1883,-33.29315,Null), (1884,-138.8,Null)]
CE000043497	[(1880,237.01381,306.53824), (1881,239.47672,302.8493), (1882,236.92877,301.34247), (1883,233.9863,300.21918), (1884,233.153,292.77322), (1885,234.49315,290.81097), (1886,233.31506,288.60114), (1887,230.0685,295.44885), (1888,233.30602,304.04645), (1889,235.78082,306.68768)]
DA000027080	[(1880,43.31421,109.773224), (1881,29.758904,91.955055), (1882,58.624657,112.67671), (1883,50.813698,104.59452), (1884,56.46175,109.13388), (1885,43.87945,101.99726), (1886,42.947945,103.90685), (1887,40.857533,102.65479), (1888,34.885246,90.300545), (1889,49.10137,106.69315)]
DA000030380	[(1880,34.215847,113.31148), (1881,24.849316,99.564384), (1882,47.621918,124.11507), (1883,40.282192,113.6), (1884,45.35246,121.15847), (1885,30.153425,112.40548), (1886,32.4,114.79178), (1887,32.268494,110.02466), (1888,29.051912,98.21038), (1889,39.72603,112.02192)]
EI000003969	[(1881,44.263012,123.841095), (1882,50.956165,129.35342), (1883,45.221916,126.17534), (1884,53.729507,130.72678), (1885,43.624657,121.3589), (1886,47.868492,121.1452), (1887,44.068493,127.53425), (1888,46.81694,120.55191), (1889,51.449314,127.734245)]
GM000010962	[(1880,31.344263,99.86612), (1881,22.50411,95.08219), (1882,28.90959,102.40822), (1883,18.024658,94.71781), (1884,28.382513,103.28962), (1885,25.063013,103.964386), (1886,29.2,100.53973), (1887,18.515068,87.04658), (1888,23.857924,90.70492), (1889,21.717808,89.331505)]
HRE00105182	[(1880,41.30657,139.62408)]
ITE00100550	[(1880,97.459015,177.78415), (1881,110.18356,160.7315), (1882,102.42466,176.4822), (1883,100.736984,163.33424), (1884,102.62022,166.4754), (1885,102.29863,167.05205), (1886,95.10411,173.81918), (1887,97.10137,167.03836), (1888,92.3388,170.06284), (1889,96.70137,167.58904)]
KZ000035700	[(1881,24.426086,Null), (1882,-116.3871,Null), (1885,-0.8114754,43.081394), (1886,Null,118.646576), (1887,Null,244.11382)]
RSM00022550	[(1881,-17.970695,42.7326), (1882,-10.113772,41.907185), (1883,-7.6164384,45.11507), (1884,-31.76776,23.106558), (1885,-32.81096,30.389042), (1886,-11.715069,39.843834), (1887,-17.073973,40.81096), (1888,-40.106556,17.956284), (1889,-8.0164385,44.471233)]
RSM00023711	[(1888,-66.14851,Null), (1889,-36.198677,Null)]
RSM00030710	[(1887,-78.50685,65.66027), (1888,-86.7377,55.715847), (1889,-91.284935,47.18904)]
SZ000006717	[(1880,-23.90164,24.685793), (1881,-31.063013,18.49863), (1882,-30.339725,19.865753), (1883,-42.958904,7.7945204), (1884,-41.248634,12.879782), (1885,-43.80548,14.967123), (1886,-49.945206,20.09863), (1887,-58.019176,15.706849), (1888,-52.240437,17.23224), (1889,-54.164383,10.586302)]
USC00034562	[(1883,162.86441,302.7346), (1884,163.15237,304.03738), (1885,154.01935,311.53888), (1886,177.35658,321.07043), (1887,154.10185,320.96667), (1888,199.92929,310.11243), (1889,158.89221,286.47513)]
USC00067361	[(1884,-41.01639,58.01639), (1885,24.964285,132.81593), (1886,27.63142,131.42296), (1887,34.06868,139.78021), (1888,24.352459,126.12842), (1889,48.87052,145.6281)]
USC00068138	[(1888,63.523365,167.39252), (1889,40.79726,129.39221)]
USC00090284	[(1883,-25.0,Null), (1884,-26.95,361.0), (1887,-24.375,Null), (1888,-22.142857,Null), (1889,-20.130434,Null)]
USC00176655	[(1885,86.89671,142.33803), (1886,-6.649007,41.43046)]
USC00191820	[(1885,30.115068,114.02466), (1886,36.184067,110.81868), (1887,37.526947,115.155685)]
USC00196770	[(1886,48.909092,168.32622), (1887,28.750692,132.81995), (1889,-30.0,-3.2258065)]
USC00200032	[(1887,-42.79452,78.27027), (1888,9.364384,140.16394), (1889,6.372093,118.8543)]
USC00207097	[(1889,46.596775,155.43549)]
USC00263515	[(1887,-33.076923,60.175), (1888,-2.4257426,127.79), (1889,105.20277,261.6857)]
USC00271678	[(1884,-46.57377,52.360657), (1885,15.276712,124.928764), (1886,24.942465,132.80273), (1887,25.80822,128.40274), (1888,17.469946,119.47814), (1889,35.238358,139.3901)]
USC00278440	[(1886,30.936893,178.15048), (1887,-8.063187,133.70412), (1888,-10.844262,121.7459), (1889,Null,322.0)]
USC00278854	[(1885,42.840374,160.11058), (1886,0.9494382,113.878456), (1887,5.8851542,111.170586), (1888,-15.397553,105.18983), (1889,14.927008,112.61925)]
USC00278875	[(1885,44.902172,150.23369), (1886,-106.0339,-32.135593)]
USC00316103	[(1882,124.78261,Null)]
USC00318500	[(1887,21.622223,130.58888)]
USC00354506	[(1887,35.75472,187.32076), (1888,-9.5,110.31651), (1889,20.491735,159.85185)]
USC00474966	[(1880,42.81421,135.86339), (1881,41.323288,133.49042), (1882,44.430138,132.72328), (1883,16.473972,110.6411), (1884,20.349728,109.3224), (1885,13.775343,101.23014), (1886,25.679453,121.61918), (1887,23.660275,123.263016), (1888,17.505465,108.71038), (1889,36.627396,126.75069)]
USC00486120	[(1881,211.0,44.0)]
USW00013984	[(1885,89.2,211.97551), (1886,45.219177,170.03561), (1887,48.40274,176.9315), (1888,45.37705,175.0246), (1889,55.561646,176.96164)]
USW00023068	[(1884,64.97006,180.53593), (1888,59.68085,222.21277), (1889,34.632877,189.71507)]
