AGE00147708	[(1886,128.05498,255.47945), (1887,113.0625,235.28409), (1888,112.20222,235.26315), (1889,100.53658,227.95294)]
AGE00147720	[(1888,56.672897,219.38272), (1889,51.635483,214.63722)]
ASN00023000	[(1887,114.34884,208.61739), (1888,121.3224,227.65027), (1889,120.32055,217.01643)]
ASN00040214	[(1887,149.93681,245.0137), (1888,148.58743,256.7787), (1889,160.23013,255.94795)]
ASN00066062	[(1880,133.54918,208.04918), (1881,130.89041,204.21645), (1882,135.8137,211.42192), (1883,129.81644,206.47124), (1884,135.60109,211.74043), (1885,137.92877,215.85205), (1886,136.74246,212.3863), (1887,138.2274,202.79178), (1888,133.75069,209.0822), (1889,143.0685,207.27672)]
CA001101530	[(1881,57.593273,149.3364)]
CA003031093	[(1881,-121.716415,17.02985), (1882,-103.86325,38.504272), (1884,-30.788044,104.21739), (1885,-32.345505,121.79214), (1886,-39.838356,106.61918), (1887,-54.265755,81.44383), (1888,-37.97541,91.42623), (1889,-27.473972,123.40274)]
CA003032680	[(1885,40.857143,173.06349), (1886,-73.32727,65.509094)]
CA003050520	[(1887,-193.41176,-74.17647), (1888,-134.19318,-7.034091), (1889,-86.039734,59.7947)]
CA003072657	[(1883,-181.83133,-109.92683), (1884,-82.10685,23.18956), (1885,-71.28532,22.448467), (1886,-89.40496,-4.0027547), (1887,-188.125,-106.06009), (1888,-49.58362,34.59155), (1889,-67.590256,24.616045)]
CA004013480	[(1889,-88.67273,52.1875)]
CA005023243	[(1880,-65.84426,57.47541), (1881,-58.49315,71.68767), (1882,-50.40822,72.06575), (1883,-80.62192,47.457535), (1884,-65.04372,44.095627), (1885,-61.89863,60.471233), (1886,-60.813698,75.83288), (1887,-73.50411,63.920547), (1888,-62.30328,64.80875), (1889,-45.145206,92.34247)]
CA0050520EE	[(1889,-184.55737,Null)]
CA006085682	[(1887,-139.25807,-36.774193), (1888,-60.86711,91.47176), (1889,-26.981133,109.08962)]
CA006120315	[(1882,17.721312,113.64754), (1883,7.7799444,110.289696), (1884,10.54,115.298), (1885,-0.13424657,105.117805), (1886,14.052054,121.117805), (1887,18.087912,124.91209), (1888,8.270492,112.69399), (1889,25.375343,123.16438)]
CA006127887	[(1880,18.505495,113.56593), (1881,14.786302,114.87123), (1882,16.347944,114.309586), (1883,-5.5863013,96.04658), (1884,3.3797815,106.20765), (1885,-10.027397,91.70685), (1886,9.504109,103.09041), (1887,5.071233,105.652054), (1888,0.6885246,95.174866), (1889,21.457535,113.58904)]
CA006131388	[(1889,43.743904,166.10976)]
CA006136335	[(1889,33.011765,88.4)]
CA006141843	[(1880,-63.217392,29.119566), (1881,9.623627,126.59504), (1882,7.544199,112.093925), (1883,-13.346154,96.57025), (1884,-70.694916,31.920454), (1885,-17.287672,100.035614), (1886,2.8136985,110.67671), (1887,2.8493152,112.75069), (1888,-3.0409837,102.84153), (1889,13.243835,117.879456)]
CA006152007	[(1882,61.331684,169.89163), (1883,-1.4022038,110.36088), (1884,10.487603,119.435265), (1885,-1.4116023,105.524864), (1886,8.238889,118.21111), (1887,12.052631,122.31025), (1888,0.15846995,115.008194), (1889,20.150684,128.2)]
CA008103100	[(1881,50.29448,112.37423), (1882,-90.08403,-22.361345)]
CA008104600	[(1880,24.809525,104.05191), (1881,17.890411,102.136986), (1882,6.0082192,98.35616), (1883,-2.9945207,94.476715), (1884,3.978142,97.93716), (1885,-0.04109589,97.224655), (1886,4.6712327,105.60822), (1887,0.9424658,100.2137), (1888,-0.10928962,92.62295), (1889,18.561644,113.882195)]
CA008206490	[(1880,21.871233,111.58904), (1881,27.804533,104.75429), (1882,22.569014,91.75072), (1883,16.50685,93.39726), (1884,26.10929,98.34153), (1885,25.517809,107.08646), (1886,18.291067,111.357956), (1887,19.087671,106.479454), (1888,22.661201,91.90164), (1889,42.11507,117.19726)]
CA008300298	[(1880,3.2719781,91.64561), (1881,6.1452055,89.75275), (1882,-1.1232877,85.38356), (1883,-4.336986,87.369865), (1884,-5.6065574,84.617485), (1885,-0.07945205,92.328766), (1886,-33.298344,61.922653), (1888,54.54348,125.353264), (1889,30.150684,107.1726)]
CA008300430	[(1889,35.3,122.685715)]
CA008403635	[(1889,55.349754,126.0936)]
DA000021100	[(1880,49.885246,106.38525), (1881,33.315067,84.863014), (1882,57.33151,106.416435), (1883,49.77534,100.416435), (1884,57.874317,107.76776), (1885,45.10411,93.99452), (1886,42.875,97.4137), (1887,44.97808,97.13425), (1888,38.980824,87.04918), (1889,55.265755,104.161644)]
FRE00104937	[(1880,Null,9990.0), (1881,Null,9990.0), (1882,Null,9990.0), (1883,Null,9990.0), (1884,Null,9990.0), (1885,Null,9990.0), (1886,Null,9990.0), (1887,Null,9990.0), (1888,Null,9990.0), (1889,Null,9990.0)]
GM000002698	[(1880,57.15574,142.30875), (1881,53.40822,137.70412), (1882,58.08767,137.28493), (1883,58.70137,136.61917), (1884,62.898907,146.9918), (1885,51.30411,138.43562), (1886,56.032875,144.46301), (1887,38.69315,128.96986), (1888,46.079235,126.95082), (1889,54.813698,128.9178)]
RSM00022845	[(1886,0.6306306,Null), (1887,-67.64239,Null)]
RSM00028440	[(1881,-25.57485,Null), (1882,-43.970955,Null), (1885,-139.86885,-62.081966), (1886,-33.66849,52.32055), (1888,-43.188526,89.72541), (1889,-108.238686,58.419178)]
TX000038763	[(1883,211.25,Null), (1885,56.59322,199.0), (1889,61.989132,Null)]
USC00035754	[(1884,203.66418,299.26315), (1885,206.44872,315.71683), (1886,182.11363,309.21347), (1887,181.53522,311.07043), (1888,185.86755,308.92157), (1889,156.71355,270.1309)]
USC00053010	[(1880,-55.595627,127.71858), (1881,-39.02466,124.25205), (1882,-51.30137,133.97528), (1883,-25.052631,130.8125)]
USC00064767	[(1880,42.420765,156.2295), (1881,42.80274,153.10959), (1882,36.441097,147.33151), (1883,28.48767,145.51233), (1884,39.874317,150.3224), (1885,31.342466,148.68494), (1886,35.764385,148.39726), (1887,36.449314,148.23836), (1888,28.478142,137.22404), (1889,53.52055,151.2822)]
USC00092475	[(1886,-22.0,289.0)]
USC00117391	[(1880,151.64131,281.93478), (1888,-43.580647,53.451614), (1889,44.654793,158.46028)]
USC00192010	[(1885,3.265625,Null), (1886,-15.754144,4.387097), (1887,4.1611843,112.52805), (1888,18.754143,128.9558), (1889,39.01099,144.87016)]
USC00195145	[(1888,134.79507,222.88333), (1889,97.4058,165.44174)]
USC00197122	[(1889,180.55737,244.4918)]
USC00260507	[(1887,-13.340659,91.17583), (1888,33.345303,163.19945), (1889,17.314686,175.13637)]
USC00266252	[(1888,14.446023,183.33879), (1889,6.7981653,198.57808)]
USC00324418	[(1881,167.0,283.0)]
USC00413270	[(1880,71.58678,215.95868)]
USC00464045	[(1883,88.4,200.74286), (1884,50.076504,166.94536), (1885,40.27397,148.18407), (1886,49.153423,158.39726), (1887,59.90685,167.1726), (1888,59.783382,148.31421), (1889,-20.903225,65.064514)]
USW00013736	[(1880,77.72131,171.68852), (1881,79.78356,174.22192), (1882,75.69589,166.10411), (1883,-21.188889,77.522224)]
USW00093820	[(1887,-11.491803,95.09836), (1888,69.40947,176.12708), (1889,84.11429,180.57428)]
UZM00038457	[(1881,116.0,240.63838), (1882,104.960266,198.76923), (1883,105.08088,216.3503), (1884,139.34445,168.28477), (1889,-127.6129,Null)]
