AGE00147719	[(1888,93.0659,265.20114), (1889,87.18213,260.07407)]
ASN00015540	[(1880,124.642075,306.51093), (1881,133.05205,303.5589), (1882,133.5726,284.91507), (1883,120.37637,298.05753), (1884,126.748634,299.66394), (1885,118.48901,296.68494), (1886,124.30685,295.1868), (1887,122.473976,289.9041), (1888,133.2555,301.22678), (1889,139.1589,301.21368)]
ASN00076077	[(1889,96.86139,225.26237)]
AU000011801	[(1880,36.85519,136.96721), (1881,36.147945,131.01918), (1882,37.827396,136.11234), (1883,31.964384,125.83562), (1884,44.5,126.22131), (1885,40.764385,132.46849), (1886,46.575344,130.83014), (1887,39.4274,118.0), (1888,42.087433,120.05191)]
CA001090660	[(1888,-22.35224,110.15625), (1889,-21.296398,80.16067)]
CA005012520	[(1883,-118.67826,6.9), (1884,-82.37363,41.797813), (1885,-75.15427,53.0), (1886,-79.04384,63.30959), (1887,-87.8,51.7863), (1888,-82.4779,47.467213), (1889,-66.65934,88.85989)]
CA005063350	[(1880,-133.3306,-43.904373), (1881,-118.652054,-18.378082), (1882,-106.68219,-4.169863), (1883,-220.98802,-130.67665), (1885,-177.60869,-117.815216), (1886,-125.30137,-39.515068), (1887,-150.4274,-60.70411), (1888,-133.92896,-53.404373), (1889,-115.25944,-22.301888)]
CA006059475	[(1888,-199.5,-49.227272), (1889,-63.40274,75.520546)]
CA006068148	[(1887,-1.7933885,137.39304), (1888,-287.14816,77.61739), (1889,1.9743589,105.82934)]
CA006102417	[(1880,19.841217,144.56537), (1881,60.25641,184.33186), (1882,-10.033233,121.87987), (1883,-25.210228,106.58754), (1884,-1.6254295,134.73448), (1885,-36.710884,113.55137)]
CA006108060	[(1880,-28.311476,100.57923), (1881,-23.032877,109.96165), (1882,-26.40274,98.37808), (1883,-51.70685,83.74246), (1884,-35.371586,95.30875), (1885,-49.69863,84.243835), (1886,-40.90137,95.21644), (1887,-45.249313,98.48767), (1888,-41.825138,86.56011), (1889,-16.616438,106.23836)]
CA006111375	[(1887,-51.127598,100.74795), (1888,-44.704918,86.8388), (1889,-20.183844,105.49025)]
CA006119064	[(1886,-7.451087,124.646736), (1887,-38.12877,99.29863), (1888,-53.81694,93.91809), (1889,-25.033613,107.266106)]
CA006122845	[(1880,39.63388,119.19125), (1881,36.550686,119.78356), (1882,41.02466,119.369865), (1883,17.027397,102.454796), (1884,29.07104,112.60929), (1885,10.950685,97.89863), (1886,23.065754,108.66027), (1887,24.361645,112.69589)]
CA006140941	[(1881,74.35249,202.05344), (1882,21.991428,131.89429), (1883,-42.121212,69.742424), (1884,8.786704,127.65928), (1885,-4.590909,111.22159), (1886,27.87037,127.10364), (1887,17.0277,135.67787), (1888,6.590659,122.57576), (1889,-34.206665,74.63333)]
CA006144505	[(1883,27.326797,139.52287), (1884,13.167123,119.95342), (1885,1.5041096,103.79726), (1886,14.578082,116.37534), (1887,17.873972,120.44109), (1888,10.565574,110.13661), (1889,27.553425,126.542465)]
CA006147340	[(1888,-57.064518,10.32258), (1889,21.019178,125.99726)]
CA006158350	[(1880,30.918034,118.86066), (1881,32.931507,124.2137), (1882,31.076712,117.89315), (1883,6.4027395,100.95616), (1884,16.516394,111.07104), (1885,4.287671,98.61644), (1886,18.032877,110.0274), (1887,19.356165,114.60548), (1888,13.606558,105.748634), (1889,32.70411,118.75069)]
CA006163156	[(1888,26.438095,145.69048), (1889,-4.002747,108.51781)]
CA007021952	[(1880,-22.707651,88.28142), (1881,-17.464285,89.09615), (1882,-31.09041,74.55891), (1883,-45.676712,68.860275), (1884,-29.803278,78.330605), (1885,-36.868134,80.36264), (1886,-30.28022,82.70605), (1887,-37.665752,77.3863), (1888,-37.17213,65.98087), (1889,-17.038357,90.83562)]
CA007024280	[(1888,-89.9,-3.6078432), (1889,-10.550595,99.92308)]
CA008101700	[(1880,-17.188524,110.69399), (1881,-5.1643834,108.969864), (1882,-17.356165,103.88493), (1883,-30.172604,99.86849), (1884,-17.846994,101.565575), (1885,-21.547945,104.68767), (1886,-10.268493,104.331505), (1887,-15.575342,98.77808), (1888,-14.062841,93.02459), (1889,5.10137,116.071236)]
CA008206410	[(1880,-37.539474,67.92105), (1881,21.2849,103.45426), (1882,10.14325,101.63461), (1883,-135.10527,69.56425)]
GM000004199	[(1880,40.262295,124.02732), (1881,34.27671,119.81644), (1882,38.50411,126.53973), (1883,36.52329,119.56712), (1884,42.546448,128.96448), (1885,36.31781,125.80548), (1886,41.22466,126.6137), (1887,28.063013,112.16712), (1888,33.062843,113.28689), (1889,35.7863,112.79726)]
HR000142360	[(1881,62.336987,139.58356), (1882,74.46849,159.60548), (1883,64.29041,143.77534), (1884,68.775955,149.39618), (1885,75.21918,156.75891), (1886,71.19658,149.21938), (1887,65.843834,146.31233), (1888,58.734974,139.34427), (1889,67.40548,138.34247)]
USC00090430	[(1884,129.4,250.78775), (1885,86.02466,201.74794), (1886,92.55068,203.45206), (1887,97.56712,198.58083), (1888,106.565575,222.84427), (1889,113.68493,214.60274)]
USC00194012	[(1885,6.687845,154.675), (1888,27.40196,168.00333)]
USC00194405	[(1885,114.17391,183.22826), (1886,120.179344,194.80978), (1887,123.88587,191.52718)]
USC00195317	[(1887,-16.368422,81.02631), (1888,-85.853935,16.786516)]
USC00196988	[(1884,-52.205883,1.3055556), (1885,19.796143,102.3489), (1886,31.027473,111.13151), (1887,24.901098,107.08493), (1888,15.382514,92.37431), (1889,-20.413044,50.108696)]
USC00201215	[(1889,126.96774,214.20967)]
USC00202466	[(1889,149.1129,272.2097)]
USC00263040	[(1888,-34.066666,117.68965), (1889,27.201117,179.22128)]
USC00268761	[(1887,-60.64516,74.19231), (1889,82.96847,187.94118)]
USC00270690	[(1886,11.895238,162.55289), (1887,-29.220995,123.35714), (1888,-29.629835,104.121544), (1889,25.65569,146.64671)]
USC00275712	[(1885,-10.945652,89.891304), (1886,21.852055,144.3452), (1887,19.709589,137.63835), (1888,17.167164,135.17612), (1889,35.80548,148.64932)]
USC00287865	[(1880,81.63115,127.065575), (1881,81.94247,157.34247), (1882,80.180824,149.39452), (1883,81.97033,155.57567), (1884,76.989075,152.55464), (1885,67.0137,147.92603), (1886,83.51497,141.51198)]
USC00319191	[(1883,139.50467,230.47144), (1887,12.172414,117.793106), (1888,88.592285,206.11845), (1889,94.08611,202.80609)]
USC00348285	[(1888,22.0,183.0)]
USC00367239	[(1884,1.6065574,209.34427), (1885,35.974266,111.26838), (1886,40.97534,119.5726), (1887,36.791782,145.43835), (1888,29.887978,148.04645), (1889,47.657536,161.98627)]
USC00383742	[(1884,147.17757,286.55606), (1885,154.69022,283.63043), (1886,153.53659,291.8), (1887,155.66112,296.32224), (1888,147.19626,281.06543), (1889,133.11267,262.51175)]
USC00435733	[(1887,18.284313,131.48692), (1888,-10.702186,95.71038), (1889,9.10137,112.40822)]
USC00481816	[(1881,100.0,267.0)]
USW00093852	[(1880,174.2295,259.01367), (1881,173.59178,257.90137), (1882,174.90685,258.60822), (1883,175.69315,260.79178), (1884,167.94809,255.37158), (1885,159.42192,247.27672), (1886,155.86575,245.43562), (1887,155.53424,252.7315), (1888,159.48088,257.34427), (1889,151.29315,253.62466)]
