AGE00147713	[(1880,79.93939,207.63287), (1881,79.34247,214.39178), (1882,69.04155,210.4762), (1886,97.62949,222.97491), (1887,82.695786,205.9816), (1888,74.66102,203.21307), (1889,69.14559,173.63637)]
ASN00044022	[(1889,116.39184,257.2887)]
ASN00065016	[(1880,112.327866,264.84152), (1881,103.78904,247.46849), (1882,110.526024,252.31233), (1883,98.29752,238.74521), (1884,84.03825,241.94809), (1885,95.59944,259.08813), (1886,94.630135,237.76955), (1887,89.51507,336.90323), (1888,90.10656,270.7065), (1889,130.53699,239.29863)]
ASN00094029	[(1882,69.814545,148.36), (1883,88.48209,170.14958), (1884,76.4478,165.17403), (1885,75.40274,163.37808), (1886,73.712326,164.1315), (1887,77.21096,170.52328), (1888,71.76923,167.4011), (1889,79.87671,169.33699)]
CA004016320	[(1883,-18.30841,102.962616), (1884,-70.481895,48.51532), (1885,-50.635616,65.969864), (1886,-53.12055,74.224655), (1887,-68.13151,53.153423), (1888,-55.800545,58.77869), (1889,-34.589043,102.89315)]
CA006101658	[(1888,17.536724,145.33708), (1889,-10.964383,117.756165)]
CA006106362	[(1880,-8.404371,114.7623), (1881,1.4945055,122.85989), (1882,-5.5290856,110.3518), (1883,-23.267956,99.43094), (1884,-17.72472,106.73034), (1885,-18.187328,103.06336), (1886,-6.23743,108.90476), (1887,-14.443835,109.04155), (1888,-92.503105,25.012423)]
CA006129850	[(1881,73.15341,184.27272), (1882,23.88767,127.79178), (1883,-3.0875707,111.87671), (1884,12.144809,120.78689), (1885,-0.5287671,106.457535), (1886,14.013699,119.70411), (1887,15.542466,124.6411), (1888,7.644809,112.41257), (1889,26.336987,127.61644)]
CA006142993	[(1880,25.806011,128.34973), (1881,23.567123,132.27672), (1882,20.4,125.36713), (1883,0.07417583,110.14561), (1884,11.928767,120.99178), (1885,-1.0328767,105.44658), (1886,13.120548,121.44383)]
CA006148120	[(1881,-29.634615,44.326923), (1882,13.097701,118.98276), (1883,-5.392157,110.51117), (1884,-1.606414,112.74635), (1885,-128.92436,-10.521367)]
CA006158065	[(1889,36.268658,127.53619)]
CA008105600	[(1886,-101.64151,-0.4716981), (1887,-26.967846,94.81957), (1888,-14.170213,87.21326), (1889,2.936747,112.89714)]
CA008202198	[(1880,14.647541,111.0), (1881,20.210958,106.93973), (1882,14.69337,103.53591), (1883,7.860274,103.69863), (1884,15.710382,105.355194), (1885,16.128767,112.561646), (1886,22.920547,116.49041), (1887,14.953424,112.90685), (1888,11.8087435,101.510925), (1889,35.372604,125.545204)]
CA008401600	[(1880,30.027323,63.469944)]
ITE00100554	[(1880,91.98087,175.0765), (1881,89.879456,172.10411), (1882,93.928764,176.99725), (1883,86.67945,166.51233), (1884,88.87158,173.54099), (1885,92.712326,170.7096), (1886,93.4137,173.64383), (1887,82.10959,165.12054), (1888,83.199455,166.24863), (1889,85.68767,168.30411)]
KZ000038198	[(1882,99.702705,Null), (1883,69.478874,Null)]
RSM00032071	[(1886,-64.20513,Null), (1887,-69.23988,Null), (1888,-63.98615,Null), (1889,-81.04348,Null)]
UK000047811	[(1880,53.35519,123.800545), (1881,46.0137,115.1452), (1882,53.4274,123.5726), (1883,46.665752,121.46301), (1884,49.628414,129.3552), (1885,44.060272,120.25754), (1886,46.027397,116.78356), (1887,46.452053,123.67945), (1888,46.28142,119.22951), (1889,54.19452,125.331505)]
UPM00033345	[(1881,14.753289,83.98684), (1882,36.065754,115.91233), (1883,20.2006,93.161674), (1884,39.88487,107.023026), (1885,34.569862,116.33424), (1886,25.876713,110.15343), (1887,33.41644,114.2411), (1888,15.068306,104.36885), (1889,32.038357,112.49315)]
USC00033466	[(1887,-13.774194,141.78572), (1888,95.37808,Null), (1889,99.80495,246.2052)]
USC00175070	[(1885,118.3871,239.21875), (1886,-109.10526,205.42857), (1887,-3.625,242.1), (1888,-21.7,226.33333), (1889,-33.22222,235.21428)]
USC00177827	[(1887,10.390729,108.95395), (1888,-180.4,-53.6)]
USC00198374	[(1885,71.646736,176.79738), (1886,38.07123,157.39452), (1887,40.714287,153.8548), (1888,19.57705,126.57377), (1889,56.972603,157.09863)]
USC00253035	[(1888,-51.65333,102.15131), (1889,-21.957266,133.06723)]
USC00264939	[(1885,38.83989,180.15169), (1886,29.668493,172.77808), (1887,15.810959,171.00822), (1888,27.866072,176.73512), (1889,-10.013245,132.28477)]
USC00275880	[(1889,65.594696,176.07143)]
USC00275997	[(1887,-25.663717,94.12389), (1888,-0.74013156,124.875), (1889,18.375,141.11337)]
USC00406012	[(1883,20.5,138.45)]
USC00413257	[(1880,118.80601,234.54645), (1881,115.32464,221.04347), (1882,113.955414,243.38535), (1883,-8.265306,137.93878)]
USW00013872	[(1880,15.403846,116.113205), (1887,79.34979,184.89713), (1889,73.399445,190.60056)]
USW00014838	[(1880,4.912568,105.44262), (1881,2.5835617,79.50411), (1882,14.950685,106.538925), (1883,-32.83288,82.0137), (1884,-97.7459,9.0737705), (1885,14.065574,108.99346), (1886,-0.8109589,97.94247), (1887,9.625749,103.065865), (1888,-10.327868,75.57923), (1889,13.389041,96.010956)]
