AGE00135039	[(1884,126.606064,215.27272), (1885,140.95068,239.10231), (1886,143.33241,227.46107), (1887,142.07756,221.58904), (1888,136.02203,220.09863), (1889,125.587395,212.137)]
AGE00147717	[(1880,72.45628,233.99178), (1881,87.36713,248.38083), (1882,18.441668,238.20547), (1883,90.51786,238.7738), (1884,84.81421,218.88701), (1885,75.76415,235.56937), (1886,89.6431,248.92128), (1887,88.26849,243.46153), (1888,77.46557,235.28926), (1889,71.63636,228.1982)]
ASN00031010	[(1889,228.96552,306.90323)]
ASN00091049	[(1884,108.5,234.74074)]
AU000005901	[(1880,57.128414,138.9918), (1881,47.90137,122.95068), (1882,61.057533,142.06575), (1883,54.241096,128.27672), (1884,56.595627,135.52733), (1885,54.057533,136.69315), (1886,55.747944,133.94795), (1887,49.16712,124.8137), (1888,45.445354,121.6776), (1889,52.186302,123.263016)]
AU000006306	[(1880,45.47541,131.18306), (1881,38.419178,123.01918), (1882,43.956165,131.42465), (1883,39.887672,123.523285), (1884,56.713116,141.04918), (1885,48.9863,141.12877), (1886,54.345207,139.1452), (1887,39.61096,126.2), (1888,44.20765,128.18306), (1889,46.61918,125.734245)]
BE000006447	[(1880,57.1612,136.70218), (1881,49.27671,126.63287), (1882,58.172604,131.03288), (1883,55.043835,131.29863), (1884,59.01639,138.847), (1885,47.2137,126.41918), (1886,53.20274,132.16986), (1887,41.435616,120.69863), (1888,44.385246,117.39344), (1889,52.07397,124.136986)]
CA001100120	[(1889,-13.595745,65.319145)]
CA001105550	[(1880,39.055866,120.709496), (1881,47.108635,130.35933), (1882,-19.79661,30.016949)]
CA003034480	[(1883,63.566666,97.166664), (1884,-19.391535,92.45082), (1885,-17.134247,129.39178), (1886,-18.89863,123.89863), (1887,-39.208218,96.55617), (1888,-23.120218,105.97814), (1889,-8.558904,134.2274)]
CA004040420	[(1880,-102.40964,62.441597), (1881,-102.262856,40.462856), (1882,-117.61224,3.3265307), (1883,-196.55492,-58.609196), (1884,-107.42745,8.662745), (1885,-290.07144,-188.71428), (1886,-119.77778,-0.11111111)]
CA004056230	[(1884,-163.15842,-14.237624), (1885,-108.13169,43.5679), (1886,-112.331474,63.774372), (1887,-88.30258,65.12177), (1888,-119.921875,113.52631), (1889,-69.85475,86.452515)]
CA006092915	[(1882,-104.16071,-16.767857)]
CA006104185	[(1880,24.311476,126.30601), (1881,24.424658,127.70411), (1882,24.51233,121.16986), (1883,4.189041,101.5863), (1884,16.497269,106.96448), (1885,3.6575344,92.91233), (1886,16.621918,106.180824), (1887,18.482191,108.46301), (1888,12.972677,101.71584), (1889,33.350685,113.04658)]
CA006105976	[(1889,-59.52459,13.95082)]
CA006111766	[(1885,9.768595,92.16529), (1886,7.1150684,113.07945), (1887,2.649315,115.52877), (1888,-18.263737,103.48901), (1889,-1.558904,115.969864)]
CA006111793	[(1881,103.90909,205.11363)]
CA006116254	[(1880,-5.874317,105.12022), (1881,-1.8794521,111.775345), (1882,-2.7369864,104.0137), (1883,-28.39178,88.10137), (1884,-14.84153,101.39344), (1885,-31.216438,86.70959), (1886,-13.90137,99.72877), (1887,-18.709589,101.59178), (1888,-22.931694,89.86066), (1889,4.0328765,107.97808)]
CA006149625	[(1880,14.114754,130.18033), (1881,11.246575,133.74246), (1882,10.225275,126.48627), (1883,-10.641457,109.27731), (1884,2.896175,118.37978), (1885,-7.9643836,104.51507), (1886,4.526027,117.16712), (1887,5.4725275,124.50824), (1888,-1.68306,114.36339), (1889,16.631868,126.34066)]
CA006150243	[(1887,-6.315934,106.89011), (1888,-18.06011,92.333336), (1889,1.1835617,106.47123)]
CA007021954	[(1880,43.382076,145.9953), (1881,-1.7743733,109.73184), (1882,-11.913889,101.48055), (1883,-24.082872,97.223755), (1884,2.6149426,106.1726), (1885,-20.330532,98.806725), (1886,-13.456583,111.30812), (1887,-11.742515,112.23653)]
CA007050790	[(1881,-8.498245,50.14386), (1882,-7.1671233,62.221916), (1883,-8.832877,65.28219), (1884,-11.901639,58.349728), (1885,-4.1178083,66.15069), (1886,5.10137,73.67945), (1887,-4.2493153,65.61096), (1888,-3.180328,65.1612), (1889,7.271233,76.8)]
CA007095000	[(1885,-95.59715,27.070353)]
CA008204420	[(1881,6.4268656,92.620895), (1882,5.446575,91.55342), (1883,8.778082,101.23288), (1884,8.480874,100.62569), (1885,15.79452,112.073975), (1886,27.42033,129.29396), (1887,12.868493,107.6), (1888,9.63388,97.674866), (1889,31.073973,121.66576)]
CA008403500	[(1880,0.04918033,83.49727), (1881,0.84109586,83.75069), (1882,-6.120548,88.59178), (1883,-7.2016573,106.23967), (1884,-11.0847,80.748634), (1885,7.293151,88.99178), (1886,9.115068,96.6), (1887,1.0739726,89.90959), (1888,3.2950819,80.008194), (1889,22.944134,111.832405)]
CA008500500	[(1884,-9.974453,34.30657), (1885,-23.15978,16.7135), (1886,-26.05413,17.592592), (1887,-38.31233,5.9589043), (1888,-37.79235,20.409836), (1889,-24.215117,26.44186)]
EGE00147726	[(1884,105.76438,247.49863), (1885,129.30138,252.01918), (1886,117.07945,246.60179)]
EGE00147732	[(1884,131.21312,267.06595), (1885,155.81644,272.23834), (1886,155.03297,269.69507), (1887,160.44383,278.4356), (1888,159.10382,274.67212), (1889,157.96164,277.3452)]
GLE00100981	[(1880,-36.093876,Null), (1881,-74.66576,Null), (1882,-104.91507,Null), (1883,-85.473976,Null), (1884,-126.18611,Null), (1885,-83.556816,Null), (1886,-104.6137,Null), (1887,-111.71954,Null), (1888,-93.7459,Null), (1889,-89.23288,Null)]
GM000004063	[(1880,42.65847,127.47268), (1881,37.88493,118.67671), (1882,44.105263,131.51247), (1883,43.945206,130.5863), (1884,46.418034,136.42896), (1885,40.59452,135.47945), (1886,46.71507,139.7315), (1887,29.6,123.26028), (1888,34.456284,122.54645), (1889,39.169865,125.58082)]
GM000004204	[(1880,33.636612,149.81967), (1881,24.578083,130.90411), (1882,43.254795,141.0548), (1883,36.852055,134.29315), (1884,41.453552,140.35246), (1885,31.421917,132.49863), (1886,33.676712,138.39452), (1887,25.569862,123.42192), (1888,29.453552,127.34699), (1889,34.49315,129.04384)]
RSM00032061	[(1881,-45.53611,Null), (1882,-40.58356,Null), (1883,-54.70411,Null), (1884,-68.382515,Null), (1885,-64.02466,Null), (1886,-44.843834,Null), (1887,-53.52055,Null), (1888,-48.35246,Null), (1889,-66.36713,Null)]
TX000038895	[(1889,48.88889,Null)]
UK000003026	[(1880,54.51642,110.76786), (1881,40.909588,98.95342), (1882,51.19452,107.44231), (1883,49.3503,105.910446), (1884,50.994537,109.407104), (1885,41.230137,99.89589), (1886,39.29863,102.2), (1887,45.646576,105.772606), (1888,43.051914,101.330605), (1889,50.750687,109.16712)]
UK000056225	[(1880,59.967213,134.11201), (1881,55.228024,132.8548), (1882,64.473976,138.30411), (1883,62.02466,136.50137), (1884,64.825134,144.28688), (1885,54.172604,129.56712), (1886,55.80274,129.59451), (1887,46.005478,129.0685), (1888,52.0,122.86885), (1889,54.939728,128.45206)]
UPM00033587	[(1885,12.885246,Null), (1887,25.369864,127.73151), (1888,20.065283,127.183975), (1889,16.19403,103.96418)]
USC00015555	[(1880,144.35793,242.68579), (1881,142.63835,246.2822), (1882,141.63014,243.4137), (1883,143.50685,250.79178), (1884,133.61201,242.11201), (1885,121.38356,228.12054), (1886,127.416435,231.15343), (1887,135.55617,242.69589), (1888,134.47267,239.44536), (1889,128.83014,242.0548)]
USC00034251	[(1880,124.70605,217.84616), (1881,129.92308,224.0055), (1882,129.87671,219.36438), (1883,121.39118,222.88705), (1884,116.27671,218.35068), (1885,114.9478,219.4121), (1886,104.473976,204.95343), (1887,113.04932,225.16713), (1888,110.41437,212.5785), (1889,117.198326,218.96078)]
USC00061536	[(1885,17.305296,152.94637), (1886,13.962617,139.78438), (1887,-78.73729,45.33898)]
USC00065445	[(1884,-44.408165,36.208332), (1885,2.6438355,113.20548), (1886,16.520548,122.73972), (1887,-105.45763,-10.322034)]
USC00144559	[(1880,48.945053,91.42857), (1881,88.07843,-352.52112)]
USC00194875	[(1885,7.558904,136.33699), (1886,13.249315,142.2822), (1887,15.819178,142.35617), (1888,7.2540984,131.31694), (1889,40.49258,160.48071)]
USC00200094	[(1889,35.98148,63.796295)]
USC00275072	[(1885,62.70909,179.57819), (1886,37.77124,157.79738), (1887,19.231197,123.18994), (1888,15.942424,123.13433), (1889,28.70122,132.54955)]
USC00276944	[(1887,-44.054348,60.760868), (1888,-13.532787,112.328766)]
USC00300958	[(1886,30.184782,119.271736), (1887,74.07756,158.05278), (1888,26.1133,81.34359), (1889,45.991737,116.745766)]
USC00307633	[(1885,82.13072,154.86928), (1886,63.057533,142.01918), (1887,65.53973,144.24658), (1888,57.47814,136.0), (1889,21.278145,97.986755)]
USC00313228	[(1882,Null,-27.0)]
USC00422996	[(1887,-378.2903,-44.612904), (1888,-44.893444,164.74316), (1889,-5.3808217,153.46849)]
USC00431072	[(1883,Null,-5.032258), (1884,-66.71094,110.8871), (1885,-92.90266,116.54573), (1886,-65.13281,89.939285), (1887,-73.12037,92.36531), (1888,-83.291664,101.80124), (1889,-44.408,118.71096)]
USC00463100	[(1882,-14.107142,97.78571)]
USC00475484	[(1880,40.92623,128.12296), (1881,42.10411,121.76986), (1882,48.40274,124.89315), (1883,22.345205,106.33698), (1884,26.032787,110.49727), (1885,12.961644,99.65753), (1886,25.39726,115.37808), (1887,28.30137,117.12603), (1888,22.106558,105.00546), (1889,39.01096,118.32329)]
USW00014936	[(1881,45.29348,161.40218), (1882,5.947945,133.31781), (1883,-10.89863,114.93699), (1884,-10.092896,119.857925), (1885,-1.6465753,122.10685), (1886,-6.978082,130.44931), (1887,-13.158904,121.62466), (1888,-14.172132,120.04645), (1889,0.39726028,138.47397)]
USW00024128	[(1880,2.9201183,172.28995), (1881,17.4,173.41096), (1882,4.421918,159.96439), (1883,-29.644579,123.53012), (1884,-51.48387,66.32258), (1885,33.364384,180.79178), (1886,17.131506,177.41917), (1887,7.3068495,178.7315), (1888,19.909836,178.39618), (1889,20.668493,179.09041)]
